12
1 nasim 25 jokkha 102 2000.00 500.00 1500.00
3 imrul 24 jor 221 200.00 200.00 0.00
9 salman 22 tifoid 321 2000.00 0.00 2000.00
11 selim 23 diabetis 343 3000.00 2000.00 1000.00
12 nasim 23 direa 132 1000.00 3000.00 0.00
13 arman 24 insomnia 322 5000.00 200.00 4800.00
17 Robin 21 dengue 200 7000.00 500.00 6500.00
18 Emon 22 leg-injuri 202 8000.00 5000.00 3000.00
19 shanto 22 jor 303 500.00 500.00 0.00
20 shawon 15 dengue 433 1000.00 800.00 200.00
21 ouhiouhuhp 25 ipuiojh 52 2000.00 20.00 1980.00
22 akkel 30 direeah 334 5545.00 400.00 5145.00
